Pose:  1
Target pose:    [-2.500e+00,	9.02656674e-01,	6.25000000e+00,	0.00000000e+00,	1.00000000e+00,	0.00000000e+00,	-1.33158055e-07,	]
Estimated pose: [-1.9533876,	1.45731024,	    1.17790212,	    0.1154821,	    -0.01031005,	0.07373936,	    0.99051507,	]

Pose:  2
Target pose:    [-4.5,	        0.90265667,	    6.25,	        0.,	            0.92387958,	    0.,	            0.38268331,	]
Estimated pose: [-2.44995131,	1.12824265,	    1.11851181,	    0.07653197,	    0.02644074,	    -0.10122998,	0.99156252,	]

Pose:  3
Target pose:    [-4.5,	        0.90265667,	    3.25,	        0.,	            0.70710683,	    0.,	            0.70710673,	]
Estimated pose: [-1.52579413,	1.03587808,	    2.18706014,	    0.04767692,	    -0.2282061,	    0.06505809,	    0.97026611,	]

Pose:  4
Target pose:    [-4.50000e+00,	9.02656674e-01,	1.49011612e-08,	0.00000000e+00,	3.82683463e-01,	0.00000000e+00,	9.23879520e-01,	]
Estimated pose: [-2.13856534,	1.47390415,	    0.57191881,	    0.10738287,	    0.05163468,	    0.3145168,	    0.94174411,	]

Pose:  5
Target pose:    [-2.75000e+00,	9.02656674e-01,	1.49011612e-08,	0.00000000e+00,	0.00000000e+00,	0.00000000e+00,	1.00000000e+00,	]
Estimated pose: [-2.24035472,	1.75459769,	    -0.11408038,	0.11123806,	    -0.18613536,	0.16527842,	    0.9621137,	]

Pose:  6
Target pose:    [-5.00000e-01,	9.02656674e-01,	1.49011612e-08,	0.00000000e+00,	3.82683432e-01,	0.00000000e+00,	-9.23879533e-01,	]
Estimated pose: [-0.56887386,	0.93355745,	    -0.0122772,	    0.00285826,	    -0.37615364,	0.00214337,	    0.92655042,	]

Pose:  7
Target pose:    [-0.5,	        0.90265667,	    3.25,	        0.,	            0.70710678,	    0.,	            -0.70710678,	]
Estimated pose: [-2.80511e+00,	9.46776032e-01,	1.08069562e+00,	5.07063785e-03,	2.96606607e-02,	1.85302848e-03,	9.99545447e-01,	]

Pose:  8
Target pose:    [-0.5,	        0.90265667,	    6.25,	        0.,	            0.92387958,	    0.,	            -0.38268331,	]
Estimated pose: [-1.78941403,	1.68029851,	    1.47448613,	    0.01647931,     -0.08340718,	0.17799038,	    0.98035254,	]
