All 8 views from 360_zip

Pose:  1
Target pose: [-2.50000000e+00  9.02656674e-01  6.25000000e+00  0.00000000e+00
  1.00000000e+00  0.00000000e+00 -1.33158055e-07]
Estimated pose: [-2.49572827e+00  8.98523786e-01  6.24825085e+00 -9.70618702e-04
  9.99998640e-01  6.54315084e-04 -1.16165038e-03]

Pose:  2
Target pose: [-4.5         0.90265667  6.25        0.          0.92387958  0.
  0.38268331]
Estimated pose: [-4.49321816e+00  9.21307584e-01  6.24244548e+00  5.15453332e-04
  9.23828554e-01 -2.38183472e-03  3.82798726e-01]

Pose:  3
Target pose: [-4.5         0.90265667  3.25        0.          0.70710683  0.
  0.70710673]
Estimated pose: [-4.47800427e+00  8.96386347e-01  3.31567347e+00 -4.98151221e-03
  7.11643186e-01  2.91007552e-03  7.02517396e-01]

Pose:  4
Target pose: [-4.50000000e+00  9.02656674e-01  1.49011612e-08  0.00000000e+00
  3.82683463e-01  0.00000000e+00  9.23879520e-01]
Estimated pose: [-4.47930347e+00  8.87218065e-01 -1.06267496e-02  7.47975739e-04
  3.79815843e-01  2.35339818e-02  9.24762411e-01]

Pose:  5
Target pose: [-2.75000000e+00  9.02656674e-01  1.49011612e-08  0.00000000e+00
  0.00000000e+00  0.00000000e+00  1.00000000e+00]
Estimated pose: [-2.74142742e+00  9.15731227e-01 -4.74248682e-03  2.11954103e-03
 -9.37969441e-04  3.24171711e-03  9.99992059e-01]

Pose:  6
Target pose: [-5.00000000e-01  9.02656674e-01  1.49011612e-08  0.00000000e+00
  3.82683432e-01  0.00000000e+00 -9.23879533e-01]
Estimated pose: [-5.12313352e-01  8.98084782e-01 -3.43615947e-03 -8.06408850e-04
 -3.82586100e-01  1.28542509e-03  9.23918597e-01]

Pose:  7
Target pose: [-0.5         0.90265667  3.25        0.          0.70710678  0.
 -0.70710678]
Estimated pose: [-3.17198674  1.64610478  4.61701137  0.82418099 -0.30439137  0.24997452
  0.40692055]

Pose:  8
Target pose: [-0.5         0.90265667  6.25        0.          0.92387958  0.
 -0.38268331]
Estimated pose: [-5.44777263e-01  8.97154846e-01  6.26604620e+00 -5.72491467e-03
  9.26144132e-01  4.98789414e-04 -3.77126005e-01]
